0.983015 -0.066470 -0.171065 -0.031413 -0.072248 -0.997000 -0.027772 0.031662 -0.168706 0.039660 -0.984868 -0.007343
0.969994 -0.202509 -0.134546 -0.021097 -0.201901 -0.979235 0.018294 0.041667 -0.135457 0.009420 -0.990738 -0.015245
0.944348 -0.316365 -0.090112 0.002874 -0.316801 -0.948442 0.009805 0.067005 -0.088568 0.019288 -0.995883 -0.015849
0.938741 -0.344619 -0.001800 -0.031056 -0.344586 -0.938547 -0.019740 0.130684 0.005114 0.019151 -0.999804 0.009285
0.922241 -0.380828 0.066654 -0.203205 -0.372720 -0.921586 -0.108436 0.342392 0.102722 0.075161 -0.991866 0.018985
0.914532 -0.389754 0.108273 -0.535341 -0.392427 -0.919776 0.003704 0.493268 0.098143 -0.045877 -0.994114 -0.052408
0.926103 -0.370824 0.069446 -1.044238 -0.370927 -0.928586 -0.011889 0.674676 0.068895 -0.014748 -0.997515 -0.018318
0.960144 -0.248136 0.128653 -1.649919 -0.260188 -0.961622 0.087094 0.847305 0.102105 -0.117097 -0.987858 -0.034435
0.930443 -0.288866 0.225461 -2.435798 -0.283791 -0.957288 -0.055339 1.029449 0.231817 -0.012494 -0.972679 -0.047211
0.949381 -0.267758 0.164263 -3.061632 -0.263050 -0.963476 -0.050185 1.148069 0.171701 0.004435 -0.985139 -0.080041
0.898630 -0.421663 0.121097 -3.841390 -0.414708 -0.906513 -0.079062 1.292721 0.143114 0.020828 -0.989487 -0.113010
0.884924 -0.458328 0.082733 -4.664709 -0.456153 -0.888782 -0.044627 1.443260 0.093986 0.001752 -0.995572 -0.121553
0.865436 -0.493450 0.086760 -5.434412 -0.490010 -0.869734 -0.058767 1.642674 0.104457 0.008346 -0.994494 -0.099768
0.860338 -0.495081 0.121296 -6.216714 -0.489083 -0.868818 -0.077158 1.808356 0.143583 0.007058 -0.989613 -0.100110
0.869296 -0.477032 0.129482 -6.941836 -0.475553 -0.878579 -0.044133 1.996931 0.134813 -0.023211 -0.990599 -0.093822
0.864373 -0.483352 0.138673 -7.514072 -0.468450 -0.874262 -0.127357 2.148266 0.182795 0.045122 -0.982115 -0.095484
0.830129 -0.543013 0.126583 -8.018373 -0.530289 -0.839041 -0.121668 2.324697 0.172276 0.033875 -0.984466 -0.096505
0.875514 -0.460418 0.146594 -8.555861 -0.445220 -0.886580 -0.125524 2.456260 0.187761 0.044631 -0.981200 -0.094973
0.855193 -0.501011 0.132790 -9.177725 -0.485485 -0.864023 -0.133301 2.619279 0.181519 0.049531 -0.982139 -0.100823
0.840399 -0.508929 0.186333 -9.746083 -0.468287 -0.854956 -0.223065 2.805334 0.272831 0.100207 -0.956829 -0.109714
0.821178 -0.549714 0.153239 -10.290290 -0.520784 -0.831666 -0.192655 2.945227 0.233349 0.078399 -0.969228 -0.079547
0.834184 -0.546978 0.070379 -10.830189 -0.538424 -0.835377 -0.110659 3.110143 0.119321 0.054416 -0.991363 -0.073935
0.815752 -0.576572 -0.045966 -11.375222 -0.578340 -0.814247 -0.050243 3.247827 -0.008459 0.067570 -0.997679 -0.036028
0.799740 -0.595874 -0.073143 -11.900552 -0.595615 -0.802792 0.027694 3.414094 -0.075221 0.021417 -0.996937 -0.056550
0.828132 -0.557002 -0.062820 -12.477009 -0.559350 -0.828456 -0.028082 3.584069 -0.036402 0.058394 -0.997630 -0.071933
0.808842 -0.584266 -0.066398 -13.052414 -0.587640 -0.807233 -0.055265 3.810051 -0.021309 0.083718 -0.996262 -0.065851
0.863815 -0.500841 -0.054610 -13.790266 -0.502735 -0.863968 -0.028567 3.979596 -0.032874 0.052131 -0.998099 -0.027807
0.880920 -0.467622 -0.072873 -14.452141 -0.471700 -0.880049 -0.054884 4.160487 -0.038467 0.082723 -0.995830 -0.011417
0.894221 -0.439924 -0.082677 -15.147232 -0.445883 -0.891696 -0.077884 4.277911 -0.039459 0.106510 -0.993528 0.004212
0.837727 -0.543880 -0.049078 -15.683954 -0.546084 -0.833919 -0.079815 4.500397 0.002483 0.093663 -0.995601 -0.008840
0.875426 -0.482611 -0.026750 -16.398460 -0.483284 -0.874887 -0.031777 4.723490 -0.008067 0.040746 -0.999137 0.020775
0.869827 -0.491085 -0.047286 -17.003608 -0.492697 -0.869619 -0.031822 4.979768 -0.025493 0.050977 -0.998374 0.024021
0.910382 -0.411167 -0.046325 -17.778694 -0.413627 -0.907276 -0.075916 5.218084 -0.010816 0.088274 -0.996037 0.060940
0.918128 -0.393899 -0.043416 -18.551804 -0.395756 -0.917040 -0.049144 5.494684 -0.020457 0.062303 -0.997848 0.115113
0.945950 -0.317248 -0.067322 -19.189573 -0.319081 -0.947553 -0.018205 5.673011 -0.058016 0.038702 -0.997565 0.156847
0.953478 -0.300119 -0.028429 -19.853588 -0.301390 -0.951058 -0.068210 5.868933 -0.006566 0.073605 -0.997266 0.185027
0.984753 -0.172104 -0.025351 -20.527507 -0.173207 -0.983569 -0.050904 5.951843 -0.016174 0.054519 -0.998382 0.222241
0.992635 -0.121041 0.005041 -21.154776 -0.120313 -0.989832 -0.075882 6.013260 0.014175 0.074716 -0.997104 0.245557
0.998742 0.044959 -0.022202 -21.914134 0.043378 -0.996796 -0.067198 5.964086 -0.025152 0.066151 -0.997493 0.282910
0.998162 0.060599 -0.000982 -22.685924 0.060469 -0.996855 -0.051221 5.870580 -0.004083 0.051067 -0.998687 0.303634
0.981190 0.191283 0.026008 -23.261978 0.192483 -0.979678 -0.056402 5.683803 0.014691 0.060348 -0.998069 0.338270
0.971583 0.236422 -0.011424 -23.817611 0.234329 -0.967552 -0.094516 5.482851 -0.033399 0.089153 -0.995458 0.389181
0.931743 0.360880 0.040248 -24.417896 0.363116 -0.926330 -0.100295 5.197048 0.001089 0.108064 -0.994143 0.400930
0.943311 0.313925 0.107776 -24.992416 0.326217 -0.936776 -0.126623 4.848234 0.061212 0.154603 -0.986079 0.364870
0.878418 0.472572 0.071114 -25.555399 0.473263 -0.880886 0.007858 4.447815 0.066357 0.026753 -0.997437 0.359968
0.874287 0.467137 0.131928 -26.141991 0.477974 -0.875877 -0.066189 4.092394 0.084633 0.120926 -0.989047 0.329413
0.866670 0.491912 0.083098 -26.605212 0.480923 -0.868090 0.123014 3.797801 0.132649 -0.066648 -0.988920 0.314074
0.871501 0.478691 0.106499 -27.083949 0.473294 -0.877886 0.072863 3.466882 0.128373 -0.013095 -0.991640 0.310356
0.843023 0.518057 0.144672 -27.615835 0.511082 -0.855343 0.084756 3.153024 0.167653 0.002488 -0.985843 0.311922
0.817191 0.551883 0.166205 -28.133403 0.549496 -0.833019 0.064292 2.822692 0.173934 0.038790 -0.983993 0.297219
0.740358 0.667011 0.083458 -28.627747 0.660697 -0.744927 0.092536 2.567730 0.123893 -0.013369 -0.992206 0.298567
0.690150 0.715751 0.106735 -29.064823 0.714327 -0.697412 0.057907 2.324873 0.115885 0.036280 -0.992600 0.308882
0.657757 0.751457 0.051655 -29.582257 0.748554 -0.659764 0.066165 2.072056 0.083801 -0.004854 -0.996471 0.325672
0.602126 0.793275 0.090327 -29.976032 0.790081 -0.608316 0.075654 1.861714 0.114962 0.025812 -0.993034 0.324288
0.638890 0.748710 0.176784 -30.467641 0.741418 -0.660562 0.118136 1.539869 0.205226 0.055595 -0.977134 0.321180
0.707083 0.699285 0.105046 -30.838966 0.698231 -0.713931 0.052679 1.295772 0.111833 0.036098 -0.993071 0.362678
0.815135 0.561377 0.142868 -31.324138 0.576523 -0.810204 -0.105791 0.923327 0.056364 0.168601 -0.984072 0.397452
0.751072 0.639277 0.164969 -31.787026 0.650532 -0.759224 -0.019652 0.597727 0.112685 0.122077 -0.986103 0.388632
0.723331 0.679033 0.125324 -32.278346 0.682750 -0.730451 0.017131 0.247555 0.103175 0.073174 -0.991968 0.393285
0.768207 0.633393 0.093117 -32.813379 0.631995 -0.773510 0.047600 -0.059646 0.102176 0.022283 -0.994517 0.399239
0.735156 0.671745 0.091129 -33.297362 0.674452 -0.738318 0.001465 -0.476659 0.068266 0.060384 -0.995838 0.405117
0.781366 0.622172 0.048675 -33.791437 0.618543 -0.782443 0.072030 -0.874770 0.082900 -0.026174 -0.996214 0.391918
0.713729 0.687671 0.133039 -34.246084 0.685453 -0.724819 0.069222 -1.333106 0.144031 0.041786 -0.988691 0.410080
0.728554 0.667826 0.152376 -34.753460 0.671443 -0.740273 0.034064 -1.854027 0.135548 0.077494 -0.987735 0.412795
0.697923 0.706454 0.117586 -35.195420 0.702873 -0.707161 0.076761 -2.331466 0.137380 0.029075 -0.990092 0.418416
0.741734 0.664546 0.090602 -35.761339 0.656331 -0.747003 0.105907 -2.853643 0.138060 -0.019089 -0.990240 0.395087
0.672374 0.728482 0.131253 -36.320607 0.731854 -0.680818 0.029593 -3.421621 0.110917 0.076161 -0.990907 0.416926
0.716479 0.686625 0.123300 -36.882347 0.683545 -0.726294 0.072549 -3.938518 0.139366 0.032301 -0.989714 0.391377
0.718243 0.689801 0.091111 -37.373626 0.684541 -0.723998 0.085032 -4.557385 0.124620 0.001295 -0.992204 0.407973
0.739495 0.669292 0.072078 -37.765524 0.659591 -0.741813 0.121052 -5.085831 0.134488 -0.041976 -0.990026 0.376877
0.716680 0.690288 0.099359 -38.101005 0.667174 -0.720112 0.190570 -5.700074 0.203097 -0.070288 -0.976632 0.375096
0.712446 0.669947 0.208785 -38.456584 0.654563 -0.741702 0.146372 -6.232564 0.252918 0.032381 -0.966946 0.378967
0.650810 0.708206 0.273660 -38.830581 0.710753 -0.695039 0.108403 -6.786571 0.266976 0.123954 -0.955698 0.401041
0.752879 0.642263 0.143776 -39.285672 0.644478 -0.763733 0.036882 -7.363982 0.133494 0.064892 -0.988923 0.450304
0.863398 0.494875 -0.098197 -39.693391 0.497976 -0.867151 0.008355 -7.871509 -0.081017 -0.056114 -0.995132 0.536729
0.858628 0.510435 0.047045 -40.209386 0.511665 -0.858985 -0.018563 -8.368535 0.030936 0.040010 -0.998720 0.520392
0.877949 0.471644 0.082206 -40.737809 0.467073 -0.881505 0.069221 -8.752951 0.105113 -0.022377 -0.994209 0.515547
0.907919 0.396418 0.136146 -41.373655 0.390398 -0.918016 0.069543 -9.175755 0.152552 -0.009988 -0.988245 0.533807
0.917766 0.381986 0.108592 -42.010106 0.376253 -0.923874 0.069938 -9.638866 0.127041 -0.023329 -0.991623 0.564436
0.917223 0.365885 0.157574 -42.504512 0.367045 -0.929925 0.022742 -10.024846 0.154853 0.036977 -0.987245 0.584212
0.932932 0.340967 0.115672 -43.045790 0.338761 -0.940071 0.038841 -10.412959 0.121983 0.002949 -0.992528 0.602701
0.970516 0.205559 0.125875 -43.616103 0.198390 -0.977817 0.067194 -10.741694 0.136895 -0.040241 -0.989768 0.636269
0.943214 0.312355 0.113054 -44.303568 0.305807 -0.949390 0.071692 -11.145675 0.129726 -0.033049 -0.990999 0.640169
0.959354 0.203819 0.195184 -44.898372 0.200303 -0.979004 0.037802 -11.437948 0.198791 0.002831 -0.980038 0.664861
0.954600 0.202749 0.218247 -45.470698 0.200818 -0.979131 0.031235 -11.715663 0.220026 0.014011 -0.975393 0.674158
0.983679 0.128328 0.126127 -46.131891 0.130613 -0.991383 -0.009979 -12.084070 0.123760 0.026290 -0.991964 0.648171
0.987744 0.151529 0.037421 -46.899539 0.148248 -0.985809 0.078767 -12.453062 0.048825 -0.072254 -0.996190 0.563903
0.981365 0.076048 0.176464 -47.649529 0.079727 -0.996721 -0.013843 -12.711859 0.174833 0.027654 -0.984210 0.602837
0.986993 0.072061 0.143708 -48.289434 0.092586 -0.985573 -0.141683 -12.916703 0.131425 0.153146 -0.979425 0.707699
0.982251 -0.071454 0.173428 -48.903118 -0.049039 -0.990267 -0.130258 -13.075619 0.181048 0.119441 -0.976194 0.757323
0.917917 -0.117404 0.379005 -49.714946 -0.093051 -0.992278 -0.082016 -13.209335 0.385708 0.040017 -0.921753 0.756941
0.713206 -0.305308 0.630970 -50.429028 -0.258721 -0.951258 -0.167846 -13.215465 0.651460 -0.043536 -0.757433 0.769364
0.874506 -0.241947 0.420358 -51.171111 -0.259728 -0.965559 -0.015415 -13.181159 0.409610 -0.095698 -0.907227 0.801928
0.948155 -0.269897 0.167803 -51.788168 -0.282013 -0.957963 0.052686 -13.111639 0.146530 -0.097277 -0.984412 0.877335
0.915015 -0.400258 0.050404 -52.444121 -0.402966 -0.912746 0.067176 -12.988630 0.019118 -0.081778 -0.996467 0.893865
0.978639 -0.200370 0.046024 -53.102233 -0.198435 -0.979154 -0.043379 -12.877676 0.053756 0.033320 -0.997998 0.914356
0.913911 -0.350975 0.203919 -53.931140 -0.329527 -0.934850 -0.132163 -12.700800 0.237019 0.053588 -0.970026 0.853520
0.918681 -0.351461 0.180278 -54.672902 -0.341540 -0.936066 -0.084446 -12.530580 0.198431 0.016007 -0.979984 0.850396
0.902674 -0.419452 0.096128 -55.293770 -0.413432 -0.907298 -0.076704 -12.268922 0.119390 0.029496 -0.992409 0.864905
0.865166 -0.491331 0.100406 -55.953856 -0.499217 -0.862836 0.079351 -12.088137 0.047646 -0.118776 -0.991777 0.876566
0.831100 -0.534492 0.153597 -56.624120 -0.531494 -0.844680 -0.063476 -11.814177 0.163668 -0.028881 -0.986093 0.886108
0.834849 -0.531782 0.142250 -57.282427 -0.524633 -0.846879 -0.086924 -11.670797 0.166694 -0.002060 -0.986007 0.880392
0.860119 -0.505938 0.064968 -57.914042 -0.501449 -0.862006 -0.074130 -11.489019 0.093508 0.031183 -0.995130 0.886792
0.911918 -0.407414 0.049181 -58.601967 -0.405622 -0.913048 -0.042592 -11.354833 0.062257 0.018892 -0.997881 0.896765
0.912482 -0.407894 0.031600 -59.347601 -0.400714 -0.906645 -0.131995 -11.113186 0.082490 0.107781 -0.990747 0.908943
0.904585 -0.415880 0.093645 -60.013051 -0.396092 -0.901180 -0.176028 -10.929134 0.157598 0.122140 -0.979921 0.925206
0.906336 -0.421213 0.033693 -60.623218 -0.403203 -0.885922 -0.229280 -10.732626 0.126425 0.194219 -0.972777 0.950661
0.898841 -0.427518 0.096506 -61.416132 -0.418330 -0.902549 -0.102002 -10.498165 0.130709 0.051312 -0.990092 0.959934
0.838717 -0.516683 0.172027 -62.057910 -0.498034 -0.855542 -0.141456 -10.263827 0.220264 0.032966 -0.974883 0.949604
0.837514 -0.494834 0.231755 -62.732717 -0.493596 -0.867063 -0.067567 -10.049131 0.234381 -0.057805 -0.970425 0.966449
0.772723 -0.605918 0.189111 -63.401017 -0.604337 -0.793403 -0.072723 -9.861008 0.194106 -0.058092 -0.979259 0.997112
0.773151 -0.613508 0.160764 -64.059291 -0.602122 -0.789667 -0.117788 -9.676912 0.199214 -0.005732 -0.979939 1.021872
0.742194 -0.659629 0.118479 -64.877276 -0.656662 -0.751099 -0.068162 -9.542037 0.133951 -0.027212 -0.990614 1.043220
0.773308 -0.618333 0.140212 -65.659072 -0.618902 -0.784187 -0.044840 -9.322814 0.137678 -0.052102 -0.989106 1.063474
0.745695 -0.651922 0.137611 -66.439106 -0.652238 -0.756422 -0.049104 -9.079888 0.136104 -0.053139 -0.989268 1.075048
0.794784 -0.580464 0.177143 -67.240043 -0.581778 -0.811815 -0.049911 -8.892623 0.172778 -0.063390 -0.982919 1.086427
0.863545 -0.480793 0.152080 -68.028544 -0.468333 -0.876473 -0.111626 -8.722768 0.186963 0.025170 -0.982044 1.109111
0.923439 -0.353156 0.150134 -68.879174 -0.353156 -0.935158 -0.027565 -8.580128 0.150134 -0.027567 -0.988281 1.157489
0.927046 -0.348895 0.137328 -69.533946 -0.349154 -0.936783 -0.022987 -8.430425 0.136666 -0.026639 -0.990259 1.174927
0.948640 -0.291981 0.121778 -70.218354 -0.288064 -0.956356 -0.049013 -8.325939 0.130774 0.011416 -0.991346 1.231813
0.932335 -0.354322 0.072164 -70.988254 -0.354547 -0.934984 -0.010096 -8.147726 0.071049 -0.016172 -0.997342 1.277452
0.960213 -0.252627 0.119038 -71.780459 -0.242042 -0.965454 -0.096509 -7.934551 0.139307 0.063857 -0.988188 1.297246
0.952922 -0.289462 0.090281 -72.403283 -0.281497 -0.955202 -0.091376 -7.702772 0.112687 0.061660 -0.991716 1.316015
0.973283 -0.194780 0.121573 -73.067486 -0.183071 -0.977886 -0.101112 -7.527174 0.138580 0.076155 -0.987419 1.334728
0.961679 -0.227959 0.152343 -73.724761 -0.210551 -0.969914 -0.122211 -7.325078 0.175619 0.085452 -0.980743 1.380078
0.967740 -0.128240 0.216873 -74.393901 -0.096717 -0.983909 -0.150227 -7.101582 0.232648 0.124405 -0.964571 1.359076
0.975482 -0.179993 0.126642 -75.206488 -0.148464 -0.962965 -0.225070 -6.807723 0.162463 0.200750 -0.966077 1.397694
0.988118 -0.051014 0.144982 -75.887978 -0.029258 -0.988493 -0.148412 -6.678808 0.150885 0.142407 -0.978240 1.437747
0.990114 -0.082420 0.113493 -76.568371 -0.054876 -0.972268 -0.227338 -6.622257 0.129083 0.218863 -0.967180 1.483531
0.967788 -0.039514 0.248647 -77.279401 0.016639 -0.975410 -0.219769 -6.637934 0.251217 0.216827 -0.943333 1.486432
0.965633 0.077130 0.248200 -78.163294 0.108429 -0.987431 -0.114995 -6.787136 0.236211 0.137955 -0.961859 1.504437
0.945822 0.161870 0.281460 -78.854597 0.231031 -0.944610 -0.233104 -6.828997 0.228137 0.285501 -0.930829 1.520581
0.985846 0.092030 0.140134 -79.522671 0.101853 -0.992700 -0.064598 -6.920938 0.133166 0.077957 -0.988023 1.552824
0.933603 0.239006 0.266949 -80.345921 0.284573 -0.947302 -0.147094 -7.047305 0.217725 0.213294 -0.952419 1.572176
0.926525 0.233754 0.294806 -81.080562 0.232428 -0.971788 0.040056 -7.218827 0.295852 0.031408 -0.954717 1.521465
0.893420 0.376870 0.244480 -81.896730 0.344886 -0.924159 0.164265 -7.374707 0.287845 -0.062440 -0.955639 1.524833
0.919406 0.362395 0.152846 -82.612266 0.344613 -0.929556 0.131028 -7.501955 0.189563 -0.067795 -0.979525 1.615509
0.945923 0.324347 0.005389 -83.285655 0.323776 -0.945020 0.045899 -7.516262 0.019980 -0.041672 -0.998932 1.724587
0.950909 0.284538 0.121696 -84.139762 0.265184 -0.951895 0.153535 -7.608443 0.159529 -0.113726 -0.980621 1.767359
0.875799 0.430680 0.217922 -84.842322 0.394380 -0.898804 0.191351 -7.662956 0.278280 -0.081641 -0.957024 1.777638
0.818944 0.476703 0.319508 -85.580167 0.439184 -0.878985 0.185747 -7.794373 0.369389 -0.011793 -0.929200 1.803237
0.832960 0.500663 0.235616 -86.413007 0.484348 -0.865603 0.127041 -7.924430 0.267554 0.008300 -0.963507 1.870157
0.831661 0.502517 0.236257 -87.096018 0.507077 -0.860689 0.045690 -8.117119 0.226304 0.081801 -0.970616 1.891712
0.872811 0.470832 0.128521 -87.725359 0.479277 -0.876584 -0.043530 -8.357839 0.092164 0.099590 -0.990751 1.911271
0.868173 0.466548 0.169144 -88.358074 0.483873 -0.871497 -0.079755 -8.675560 0.110199 0.151085 -0.982359 1.895797
0.891716 0.406250 0.199507 -89.005307 0.425591 -0.902634 -0.064213 -8.990532 0.153995 0.142168 -0.977790 1.893878
0.859429 0.429577 0.277209 -89.638313 0.471818 -0.875247 -0.106447 -9.280233 0.196899 0.222275 -0.954895 1.898743
0.894277 0.356544 0.270452 -90.232703 0.383934 -0.921761 -0.054334 -9.571464 0.229919 0.152425 -0.961199 1.905775
0.882497 0.301991 0.360556 -90.854243 0.371035 -0.918135 -0.139143 -9.798717 0.289019 0.256572 -0.922301 1.943217
0.937523 0.323753 0.127417 -91.418315 0.344813 -0.913458 -0.216097 -10.099841 0.046428 0.246531 -0.968022 1.988672
0.938177 0.309440 0.155149 -92.126742 0.319328 -0.946675 -0.042842 -10.435146 0.133618 0.089737 -0.986962 1.998565
0.939147 0.328379 0.100845 -92.826739 0.337363 -0.937000 -0.090654 -10.788129 0.064723 0.119159 -0.990763 2.061763
0.903216 0.397750 0.161235 -93.537012 0.412583 -0.908156 -0.070910 -11.162277 0.118222 0.130570 -0.984365 2.071853
0.877969 0.452464 0.156354 -94.116252 0.475493 -0.862075 -0.175308 -11.520506 0.055469 0.228260 -0.972019 2.146497
0.774278 0.612699 0.158409 -94.682294 0.631382 -0.764908 -0.127565 -11.847625 0.043009 0.198788 -0.979098 2.156613
0.690379 0.713702 0.118349 -95.236533 0.717514 -0.696402 0.014084 -12.225426 0.092470 0.075194 -0.992872 2.146937
0.672742 0.733243 0.098859 -95.788463 0.723177 -0.679890 0.121509 -12.614590 0.156309 -0.010252 -0.987655 2.101247
0.613819 0.765715 0.192112 -96.300984 0.772925 -0.632432 0.051152 -13.094143 0.160666 0.117090 -0.980039 2.107038
0.668030 0.714841 0.206734 -96.903416 0.726571 -0.686589 0.026271 -13.666289 0.160721 0.132657 -0.978044 2.114359
0.660588 0.723709 0.199672 -97.392853 0.740649 -0.671708 -0.015740 -14.161714 0.122730 0.158284 -0.979736 2.121529
0.724612 0.662975 0.188155 -97.870973 0.673150 -0.739394 0.012900 -14.658936 0.147673 0.117309 -0.982055 2.124627
0.649764 0.753249 0.102092 -98.331283 0.754398 -0.655488 0.034918 -15.200513 0.093222 0.054330 -0.994162 2.132081
0.687177 0.711804 0.145336 -98.810119 0.718105 -0.695821 0.012545 -15.690488 0.110057 0.095746 -0.989303 2.141001
0.662010 0.748454 0.039497 -99.254681 0.746002 -0.663091 0.061575 -16.199812 0.072276 -0.011298 -0.997321 2.135218
0.700961 0.702469 0.123252 -99.720089 0.703983 -0.709185 0.038258 -16.734288 0.114283 0.059950 -0.991638 2.135570
0.604838 0.780214 0.159490 -100.245853 0.781370 -0.620099 0.070271 -17.386509 0.153727 0.082118 -0.984695 2.133747
0.601375 0.793163 0.096123 -100.636458 0.784156 -0.608998 0.119251 -17.963322 0.153124 0.003661 -0.988200 2.142264
0.534973 0.823485 0.188885 -101.064081 0.828019 -0.555460 0.076474 -18.514151 0.167893 0.115489 -0.979017 2.125508
0.580780 0.782981 0.222792 -101.503874 0.787251 -0.609867 0.091094 -19.042999 0.207199 0.122487 -0.970601 2.100390
0.647556 0.740749 0.178781 -102.060541 0.743237 -0.665734 0.066305 -19.624706 0.168135 0.089940 -0.981652 2.122766
0.671070 0.728476 0.137796 -102.507822 0.729819 -0.681797 0.050173 -20.258551 0.130498 0.066896 -0.989189 2.156797
0.465147 0.870516 0.160748 -102.891064 0.880388 -0.473884 0.018749 -20.907500 0.092497 0.132799 -0.986817 2.173388
0.342488 0.934408 0.097895 -103.124076 0.931027 -0.351524 0.098080 -21.499857 0.126060 0.057551 -0.990352 2.158255
0.261163 0.958703 0.112616 -103.393477 0.959547 -0.270547 0.077930 -22.060859 0.105179 0.087708 -0.990578 2.136534
0.185343 0.980725 0.061854 -103.599762 0.962563 -0.193859 0.189452 -22.683183 0.197791 0.024425 -0.979940 2.105849
0.225593 0.971355 0.074686 -103.878609 0.954011 -0.235797 0.185100 -23.262264 0.197409 0.029494 -0.979878 2.084498
0.241955 0.967432 0.074383 -104.201069 0.965905 -0.247431 0.076192 -23.984711 0.092115 0.053412 -0.994315 2.133251
0.201192 0.976361 0.079004 -104.504640 0.971109 -0.209374 0.114498 -24.701887 0.128333 0.053686 -0.990277 2.137843
0.197381 0.970950 0.135266 -104.715939 0.973411 -0.210475 0.090392 -25.335857 0.116236 0.113828 -0.986677 2.153255
0.206827 0.964935 0.161628 -104.919270 0.975178 -0.216667 0.045636 -25.934326 0.079056 0.148177 -0.985796 2.160011
0.221428 0.963050 0.153315 -105.086560 0.972400 -0.229907 0.039759 -26.571330 0.073538 0.140279 -0.987377 2.155289
0.260885 0.957612 0.122142 -105.271483 0.963346 -0.266434 0.031260 -27.180070 0.062477 0.109510 -0.992020 2.169140
0.177974 0.983185 0.040884 -105.515082 0.982004 -0.180122 0.056781 -27.935243 0.063190 0.030043 -0.997549 2.144985
0.173786 0.980524 0.091498 -105.827753 0.981241 -0.180286 0.068293 -28.671518 0.083459 0.077913 -0.993461 2.133959
0.201742 0.970251 0.133839 -106.122255 0.979433 -0.200314 -0.024195 -29.404662 0.003335 0.135967 -0.990708 2.189269
0.249813 0.955333 0.157900 -106.359677 0.964854 -0.259327 0.042504 -29.988396 0.081553 0.141732 -0.986540 2.163088
0.144881 0.974522 0.171223 -106.483650 0.984265 -0.159639 0.075751 -30.627005 0.101155 0.157554 -0.982316 2.168440
0.163258 0.971517 0.171762 -106.544982 0.981536 -0.177531 0.071206 -31.255509 0.099671 0.156965 -0.982562 2.157424
0.019769 0.977757 0.208807 -106.581726 0.986961 -0.052453 0.152175 -31.897575 0.159742 0.203076 -0.966045 2.168133
0.127915 0.978482 0.161898 -106.654056 0.987397 -0.140979 0.071916 -32.512599 0.093192 0.150659 -0.984184 2.205214
0.107404 0.979939 0.167879 -106.799348 0.992225 -0.116329 0.044237 -33.102887 0.062879 0.161823 -0.984815 2.225432
0.178659 0.975054 0.131721 -106.927575 0.977244 -0.191409 0.091413 -33.738055 0.114345 0.112391 -0.987063 2.225908
0.124495 0.984330 0.124885 -107.059537 0.982939 -0.139525 0.119851 -34.377734 0.135398 0.107834 -0.984906 2.209068
0.100752 0.973702 0.204335 -107.198052 0.990708 -0.117047 0.069263 -35.035256 0.091358 0.195458 -0.976448 2.239341
0.147430 0.981163 0.124834 -107.378374 0.984972 -0.157125 0.071701 -35.649010 0.089965 0.112387 -0.989584 2.239016
0.145857 0.984580 0.096579 -107.541031 0.980692 -0.156751 0.116931 -36.265090 0.130267 0.077659 -0.988433 2.213542
0.153324 0.976721 0.150025 -107.759664 0.983378 -0.165754 0.074120 -36.871634 0.097262 0.136167 -0.985900 2.223166
0.097769 0.970509 0.220350 -108.028495 0.985679 -0.124998 0.113194 -37.644354 0.137399 0.206128 -0.968831 2.209902
0.201136 0.974763 0.096862 -108.265269 0.975319 -0.208478 0.072732 -38.279987 0.091090 0.079842 -0.992637 2.225153
0.137799 0.981872 0.130148 -108.435070 0.988811 -0.143956 0.039098 -38.906551 0.057125 0.123304 -0.990723 2.254988
0.237771 0.967944 0.080930 -108.615851 0.968505 -0.242598 0.056075 -39.652655 0.073911 0.065048 -0.995141 2.254724
0.137365 0.979951 0.144313 -108.752923 0.989771 -0.141464 0.018485 -40.281396 0.038529 0.140297 -0.989359 2.275107
0.215724 0.973918 0.070341 -108.885428 0.975594 -0.217997 0.026336 -40.882721 0.040983 0.062943 -0.997175 2.290079
0.211990 0.977173 0.013887 -109.048980 0.977271 -0.211990 -0.001468 -41.596039 0.001510 0.013883 -0.999902 2.304449
0.258512 0.965030 0.043460 -109.208306 0.965803 -0.259122 0.008939 -42.305969 0.019888 0.039663 -0.999015 2.303035
0.237223 0.961985 0.135315 -109.443791 0.971424 -0.233794 -0.040928 -43.007844 -0.007736 0.141157 -0.989957 2.318336
0.253375 0.953695 0.162071 -109.694678 0.961301 -0.266961 0.068060 -43.581692 0.108175 0.138555 -0.984429 2.313703
0.194974 0.969177 0.150606 -109.918754 0.976888 -0.205607 0.058447 -44.154398 0.087611 0.135729 -0.986865 2.333366
0.282129 0.946560 0.156293 -110.108814 0.954932 -0.292734 0.049112 -44.839601 0.092240 0.135393 -0.986489 2.340622
0.152757 0.968623 0.196048 -110.256540 0.981091 -0.172492 0.087793 -45.586970 0.118855 0.178930 -0.976656 2.355481
0.207991 0.973709 0.092897 -110.415559 0.975565 -0.213383 0.052356 -46.274451 0.070802 0.079738 -0.994298 2.376537
0.096106 0.988790 0.114273 -110.580060 0.995233 -0.097368 0.005503 -47.010816 0.016567 0.113200 -0.993434 2.402297
0.152630 0.972844 0.174006 -110.758455 0.987586 -0.156751 0.010106 -47.608727 0.037107 0.170303 -0.984693 2.406087
0.063570 0.985130 0.159615 -110.851848 0.988732 -0.083891 0.123983 -48.271101 0.135530 0.149935 -0.979363 2.381898
0.159089 0.974647 0.157334 -110.983701 0.982660 -0.171697 0.069997 -49.029503 0.095236 0.143470 -0.985062 2.424872
0.133923 0.980384 0.144609 -111.116021 0.988942 -0.141597 0.044102 -49.667659 0.063713 0.137103 -0.988506 2.454568
0.237356 0.959092 0.154287 -111.283859 0.967601 -0.247496 0.049946 -50.307812 0.086088 0.137433 -0.986763 2.467344
0.090724 0.957803 0.272733 -111.464999 0.987682 -0.121597 0.098480 -50.915180 0.127488 0.260439 -0.957036 2.459339
0.286851 0.950897 0.116238 -111.702247 0.957975 -0.284826 -0.034036 -51.727141 0.000743 0.121116 -0.992638 2.529028
0.221690 0.958242 0.180625 -111.835813 0.971625 -0.232737 0.042179 -52.372419 0.082456 0.166149 -0.982647 2.570660
0.263612 0.935530 0.235142 -111.920297 0.962460 -0.271423 0.000888 -53.000540 0.064653 0.226081 -0.971961 2.594694
0.296682 0.951342 0.083236 -112.039042 0.948691 -0.303591 0.088415 -53.670060 0.109383 0.052734 -0.992600 2.565050
0.209454 0.967759 0.139901 -112.151177 0.975106 -0.217374 0.043786 -54.334226 0.072785 0.127247 -0.989197 2.610760
0.188159 0.980351 0.059237 -112.282661 0.982039 -0.188655 0.002845 -54.990981 0.013965 0.057638 -0.998240 2.597902
0.115137 0.991904 0.053564 -112.422303 0.993315 -0.114516 -0.014540 -55.657934 -0.008289 0.054880 -0.998459 2.622928
0.130442 0.987471 0.088799 -112.628980 0.990995 -0.127127 -0.042034 -56.328721 -0.030219 0.093482 -0.995162 2.629027
0.226061 0.970004 0.089376 -112.870708 0.971623 -0.217976 -0.091843 -57.102324 -0.069606 0.107602 -0.991754 2.683159
0.210920 0.965875 0.150325 -113.103449 0.974808 -0.196424 -0.105675 -57.891696 -0.072541 0.168827 -0.982973 2.702840
0.274491 0.945386 0.175783 -113.322759 0.948518 -0.296237 0.112060 -58.718552 0.158014 0.135974 -0.978030 2.701077
0.187431 0.976474 0.106626 -113.512127 0.972145 -0.199953 0.122283 -59.383839 0.140726 0.080736 -0.986751 2.706671
0.108557 0.981950 0.154883 -113.703941 0.992907 -0.114702 0.031277 -60.192496 0.048478 0.150390 -0.987438 2.803610
0.107224 0.989110 0.100824 -113.881639 0.992118 -0.113058 0.054033 -60.981525 0.064844 0.094235 -0.993436 2.828097
0.090990 0.995003 -0.041114 -113.948234 0.994666 -0.088790 0.052490 -61.689749 0.048577 -0.045671 -0.997775 2.815514
0.022728 0.998565 0.048498 -114.087468 0.985884 -0.030436 0.164643 -62.527177 0.165883 0.044072 -0.985160 2.816571
-0.003973 0.996405 0.084623 -114.251515 0.979233 -0.013277 0.202304 -63.224035 0.202700 0.083670 -0.975660 2.833170
0.018158 0.999833 0.001844 -114.486588 0.989302 -0.018233 0.144741 -63.887163 0.144750 -0.000804 -0.989468 2.838936
-0.006568 0.997541 0.069784 -114.705702 0.994439 -0.000820 0.105308 -64.555288 0.105106 0.070087 -0.991988 2.871104
0.113849 0.977316 0.178584 -114.949397 0.987165 -0.131544 0.090560 -65.254140 0.111997 0.165982 -0.979748 2.891780
0.115105 0.975556 0.187192 -115.112858 0.982593 -0.139481 0.122705 -65.931250 0.145815 0.169810 -0.974629 2.891644
0.187542 0.972439 0.138532 -115.239775 0.977881 -0.198138 0.067010 -66.597041 0.092611 0.122901 -0.988088 2.898841
0.041847 0.961488 0.271641 -115.412743 0.981093 -0.090963 0.170829 -67.429834 0.188960 0.259357 -0.947116 2.905681
0.150369 0.978406 0.141813 -115.572120 0.974470 -0.170873 0.145641 -68.228455 0.166728 0.116293 -0.979121 2.914511
0.072063 0.979906 0.185987 -115.675475 0.989836 -0.093183 0.107431 -68.893419 0.122603 0.176355 -0.976661 2.940803
0.151328 0.971635 0.181726 -115.799032 0.983598 -0.166270 0.069924 -69.544237 0.098156 0.168164 -0.980860 2.962031
0.059152 0.971294 0.230410 -115.941535 0.995984 -0.072965 0.051890 -70.182504 0.067212 0.226415 -0.971709 3.008606
0.143504 0.962858 0.228714 -116.084818 0.981589 -0.167918 0.091027 -70.836554 0.126052 0.211441 -0.969228 3.022221
0.139745 0.968889 0.204267 -116.286948 0.986691 -0.153578 0.053434 -71.590665 0.083142 0.194081 -0.977456 3.029729
0.216144 0.963967 0.155079 -116.453121 0.974660 -0.222401 0.023993 -72.268370 0.057619 0.145964 -0.987611 3.065049
0.151237 0.962111 0.226867 -116.636124 0.973802 -0.184439 0.133009 -72.955321 0.169813 0.200808 -0.964800 3.057085
0.174917 0.963355 0.203351 -116.796502 0.974372 -0.199038 0.104796 -73.631389 0.141430 0.179810 -0.973481 3.077192
0.116255 0.973581 0.196533 -117.009715 0.981825 -0.142536 0.125313 -74.410048 0.150015 0.178393 -0.972456 3.091892
0.141760 0.971537 0.189788 -117.151343 0.984875 -0.157719 0.071730 -75.113450 0.099621 0.176750 -0.979201 3.118165
0.086262 0.971699 0.219911 -117.343169 0.985728 -0.115274 0.122687 -75.905879 0.144565 0.206189 -0.967774 3.130522
0.125130 0.975035 0.183434 -117.504490 0.986909 -0.141286 0.077776 -76.614718 0.101752 0.171301 -0.979950 3.187251
0.105224 0.973352 0.203749 -117.664911 0.990606 -0.120588 0.064486 -77.288258 0.087337 0.195050 -0.976897 3.198065
0.059448 0.982325 0.177494 -117.727660 0.996937 -0.067478 0.039547 -77.992228 0.050825 0.174599 -0.983327 3.215419
0.060996 0.991018 0.119006 -117.825911 0.992573 -0.072796 0.097464 -78.657317 0.105251 0.112177 -0.988098 3.205671
0.037053 0.988672 0.145447 -117.927545 0.997372 -0.045655 0.056258 -79.332971 0.062261 0.142980 -0.987765 3.224378
-0.045243 0.981911 0.183857 -118.043901 0.996350 0.031018 0.079523 -80.006918 0.072381 0.186784 -0.979731 3.238290
-0.074572 0.992649 0.095329 -118.106637 0.997215 0.074305 0.006355 -80.782360 -0.000775 0.095537 -0.995426 3.266405
-0.018701 0.974739 0.222564 -118.165720 0.999669 0.022166 -0.013080 -81.377142 -0.017683 0.222246 -0.974830 3.276787
0.011270 0.984649 0.174184 -118.245339 0.999503 -0.005962 -0.030966 -81.989189 -0.029452 0.174446 -0.984226 3.280387
0.113732 0.981141 0.156290 -118.414905 0.993452 -0.110588 -0.028690 -82.627952 -0.010865 0.158530 -0.987294 3.285176
0.077153 0.984428 0.157953 -118.676577 0.996929 -0.074045 -0.025477 -83.420280 -0.013384 0.159434 -0.987118 3.288046
0.000427 0.986459 0.164006 -118.906479 0.999709 -0.004377 0.023722 -84.209202 0.024118 0.163949 -0.986174 3.296960
-0.033347 0.988127 0.149978 -119.112378 0.998639 0.038965 -0.034676 -84.818996 -0.040108 0.148617 -0.988081 3.336272
0.059746 0.992023 0.111001 -119.261164 0.997843 -0.062383 0.020437 -85.466204 0.027199 0.109540 -0.993610 3.339930
0.024933 0.977754 0.208269 -119.380850 0.997100 -0.039308 0.065170 -86.149193 0.071907 0.206040 -0.975898 3.345683
0.047969 0.988755 0.141642 -119.430524 0.998787 -0.049061 0.004228 -86.822556 0.011130 0.141267 -0.989909 3.373784
-0.064235 0.993386 0.095175 -119.492027 0.996719 0.059158 0.055244 -87.510195 0.049248 0.098411 -0.993927 3.374617
-0.123469 0.988127 0.091439 -119.487181 0.992331 0.123492 0.005429 -88.212184 -0.005928 0.091408 -0.995796 3.370890
-0.096840 0.987838 0.121648 -119.517993 0.995287 0.096745 0.006696 -88.898099 -0.005155 0.121723 -0.992551 3.373624
-0.157519 0.981110 0.112299 -119.497581 0.986418 0.150961 0.064738 -89.745772 0.046562 0.120971 -0.991563 3.377156
-0.127571 0.991714 0.015103 -119.549387 0.989572 0.126239 0.069365 -90.444980 0.066884 0.023794 -0.997477 3.360931
-0.189205 0.975777 0.109825 -119.604258 0.979778 0.180190 0.086992 -91.172852 0.065096 0.124063 -0.990137 3.398186
-0.169686 0.976137 0.135512 -119.664578 0.985492 0.168558 0.019842 -91.879773 -0.003473 0.136913 -0.990577 3.406255
-0.226725 0.958657 0.171964 -119.631330 0.973880 0.225394 0.027492 -92.615285 -0.012404 0.173705 -0.984720 3.419695
-0.228537 0.932339 0.280204 -119.612099 0.972936 0.228831 0.032131 -93.489073 -0.034163 0.279964 -0.959403 3.439747
-0.239580 0.955528 0.171954 -119.522002 0.970330 0.241600 0.009397 -94.204128 -0.032565 0.169104 -0.985060 3.445357
-0.227865 0.964243 0.135323 -119.455464 0.973607 0.223785 0.044840 -94.909989 0.012953 0.141969 -0.989786 3.425950
-0.297970 0.940348 0.164194 -119.336713 0.954493 0.291242 0.064197 -95.618058 0.012547 0.175851 -0.984337 3.446227
-0.264385 0.948858 0.172535 -119.187768 0.964263 0.256880 0.064881 -96.306746 0.017242 0.183523 -0.982864 3.437998
-0.338012 0.929511 0.147503 -118.943851 0.940461 0.327630 0.090510 -97.014609 0.035803 0.169314 -0.984912 3.435156
-0.357890 0.919362 0.163366 -118.671435 0.933721 0.350680 0.072035 -97.715676 0.008937 0.178319 -0.983932 3.415246
-0.461029 0.879835 0.115511 -118.443363 0.887382 0.456794 0.062387 -98.389371 0.002125 0.131264 -0.991345 3.408188
-0.431415 0.900097 0.060883 -118.214399 0.902096 0.429641 0.040384 -99.083632 0.010191 0.072345 -0.997328 3.367623
-0.494451 0.862668 0.106405 -117.997683 0.865062 0.500331 -0.036547 -99.758344 -0.084765 0.073977 -0.993651 3.333449
-0.455899 0.888247 0.056339 -117.752986 0.880178 0.459340 -0.119556 -100.434638 -0.132074 -0.004917 -0.991228 3.289416
-0.514817 0.839643 0.173101 -117.479055 0.847564 0.528831 -0.044423 -101.142460 -0.128840 0.123845 -0.983902 3.293614
-0.522550 0.836869 0.163073 -117.175857 0.847064 0.531345 -0.012465 -101.749430 -0.097079 0.131620 -0.986535 3.259032
-0.570763 0.803757 0.167939 -116.868073 0.821043 0.561362 0.103737 -102.492346 -0.010895 0.197095 -0.980324 3.219772
-0.553546 0.823203 0.126190 -116.599832 0.832063 0.553112 0.041697 -103.079467 -0.035473 0.128079 -0.991129 3.188596
-0.575334 0.807888 0.127700 -116.293647 0.817585 0.563589 0.117992 -103.801967 0.023354 0.172290 -0.984769 3.172439
-0.502287 0.856623 0.117916 -115.893953 0.864692 0.496960 0.073072 -104.516031 0.003996 0.138664 -0.990331 3.161991
-0.602637 0.794052 0.079437 -115.421332 0.797802 0.601788 0.036934 -105.119828 -0.018477 0.085633 -0.996155 3.145654
-0.634967 0.765606 0.103273 -114.896292 0.772122 0.633320 0.052272 -105.716654 -0.025386 0.112930 -0.993279 3.142079
-0.748059 0.661682 0.050848 -114.485924 0.662905 0.741453 0.103948 -106.232584 0.031079 0.111467 -0.993282 3.115304
-0.744581 0.664032 0.068272 -114.020327 0.667505 0.739713 0.085220 -106.875545 0.006087 0.109025 -0.994020 3.073351
-0.778198 0.627246 0.031153 -113.662609 0.625389 0.769449 0.129759 -107.434208 0.057420 0.120461 -0.991056 3.064117
-0.741097 0.671393 0.002470 -113.265423 0.670948 0.740461 0.039335 -107.962819 0.024581 0.030808 -0.999223 3.020233
-0.836846 0.541832 -0.078147 -112.687357 0.533270 0.839106 0.107350 -108.514685 0.123739 0.048162 -0.991145 2.900550
-0.843022 0.537877 0.001525 -112.125980 0.525159 0.822470 0.218520 -108.932824 0.116282 0.185018 -0.975831 2.801920
-0.900540 0.420515 -0.110436 -111.330595 0.395075 0.897513 0.195923 -109.388137 0.181506 0.132806 -0.974381 2.700338
-0.901726 0.415416 -0.119665 -110.598996 0.390485 0.901442 0.186879 -109.829450 0.185504 0.121786 -0.975067 2.718233
-0.926187 0.376908 0.010897 -109.932109 0.376549 0.923018 0.079043 -110.242049 0.019734 0.077312 -0.996812 2.768323
-0.927962 0.371769 -0.025976 -109.399282 0.364992 0.920700 0.138174 -110.611100 0.075285 0.118739 -0.990067 2.799307
-0.909384 0.414271 -0.037413 -108.880265 0.408678 0.906602 0.105142 -111.015066 0.077476 0.080325 -0.993753 2.812218
-0.871215 0.490700 -0.014047 -108.395459 0.486910 0.867420 0.102477 -111.441738 0.062470 0.082440 -0.994636 2.868480
-0.930948 0.365038 0.009135 -107.893463 0.365080 0.929976 0.043139 -111.832063 0.007252 0.043496 -0.999027 2.868279
-0.926107 0.377143 0.009385 -107.325244 0.377153 0.926151 -0.000826 -112.223424 -0.009003 0.002775 -0.999956 2.842996
-0.941912 0.329567 0.064717 -106.781274 0.335349 0.933486 0.127060 -112.626545 -0.018538 0.141382 -0.989782 2.829688
-0.916265 0.399011 -0.035325 -106.074144 0.394901 0.914560 0.087368 -113.090441 0.067168 0.066102 -0.995550 2.822804
-0.950313 0.309212 -0.035945 -105.400001 0.308764 0.950977 0.017559 -113.494006 0.039613 0.005588 -0.999199 2.822359
-0.957816 0.282561 -0.052410 -104.812702 0.285631 0.956113 -0.065288 -113.820125 0.031662 -0.077504 -0.996489 2.830219
-0.981366 0.192039 0.006412 -104.142061 0.192135 0.981122 0.022004 -114.206774 -0.002066 0.022826 -0.999737 2.839277
-0.962251 0.271749 0.015004 -103.560359 0.271736 0.962367 -0.002942 -114.512605 -0.015238 0.001246 -0.999883 2.825737
-0.979208 0.201671 0.021896 -102.987771 0.202520 0.978088 0.048267 -114.797595 -0.011682 0.051698 -0.998594 2.797737
-0.975947 0.218007 0.001094 -102.228654 0.217908 0.975327 0.035387 -115.173511 0.006648 0.034775 -0.999373 2.805280
-0.977110 0.173281 0.123407 -101.665582 0.185239 0.978280 0.093035 -115.527295 -0.104606 0.113765 -0.987985 2.798422
-0.986343 0.159890 0.039526 -101.079509 0.163463 0.979702 0.116034 -115.876373 -0.020171 0.120910 -0.992458 2.736276
-0.975107 0.219198 0.033451 -100.502320 0.221221 0.971978 0.079503 -116.242577 -0.015087 0.084924 -0.996273 2.715081
-0.979820 0.196518 -0.036520 -99.899841 0.196770 0.980444 -0.003390 -116.507876 0.035139 -0.010507 -0.999327 2.704342
-0.956337 0.281249 -0.079482 -99.322187 0.277163 0.959029 0.058695 -116.804774 0.092734 0.034103 -0.995107 2.717793
-0.970405 0.231188 -0.069756 -98.731388 0.222560 0.968331 0.113144 -117.103550 0.093704 0.094270 -0.991127 2.712082
-0.957542 0.278905 -0.072979 -98.106619 0.269464 0.955834 0.117348 -117.389019 0.102485 0.092700 -0.990406 2.721878
-0.979980 0.172268 -0.099812 -97.495196 0.161103 0.980692 0.110855 -117.643278 0.116981 0.092555 -0.988812 2.731071
-0.988771 0.149134 -0.009537 -96.900327 0.146798 0.981264 0.124787 -117.893912 0.027969 0.121986 -0.992138 2.759178
-0.993046 0.090645 -0.075125 -96.206993 0.085192 0.993697 0.072866 -118.215006 0.081256 0.065959 -0.994508 2.745779
-0.989125 0.146372 -0.014371 -95.594020 0.144555 0.985530 0.088509 -118.456576 0.027119 0.085469 -0.995972 2.758715
-0.985941 0.166603 0.012835 -94.981440 0.166881 0.977868 0.126194 -118.685575 0.008473 0.126561 -0.991923 2.735403
-0.980044 0.194623 0.040454 -94.366746 0.196839 0.978542 0.060917 -118.853203 -0.027730 0.067664 -0.997323 2.723746
-0.985278 0.170030 0.017827 -93.741244 0.170581 0.984680 0.036161 -119.035184 -0.011406 0.038670 -0.999187 2.671088
-0.986948 0.146199 0.067528 -92.986331 0.152732 0.982710 0.104657 -119.255015 -0.051059 0.113605 -0.992213 2.699295
-0.970201 0.240509 -0.029434 -92.409174 0.239947 0.970551 0.021379 -119.449977 0.033709 0.013680 -0.999338 2.661117
-0.988705 0.146893 -0.029752 -91.654233 0.146958 0.989143 -0.000011 -119.612522 0.029427 -0.004384 -0.999557 2.654076
-0.997242 0.065953 -0.034045 -90.900919 0.065106 0.997555 0.025413 -119.841917 0.035638 0.023126 -0.999097 2.648637
-0.997327 0.071873 -0.013134 -90.306351 0.072086 0.997262 -0.016493 -120.034322 0.011912 -0.017396 -0.999778 2.650194
-0.982346 0.155744 0.103640 -89.746960 0.156394 0.987693 -0.001872 -120.297577 -0.102656 0.014369 -0.994613 2.649557
-0.984218 0.173924 0.032641 -89.186004 0.174673 0.984388 0.021686 -120.534815 -0.028360 0.027045 -0.999232 2.639813
-0.980638 0.195826 0.000889 -88.608268 0.195498 0.978711 0.062498 -120.731504 0.011369 0.061462 -0.998045 2.615011
-0.997079 0.007332 -0.076025 -88.007171 0.000601 0.996104 0.088186 -120.921671 0.076376 0.087883 -0.993199 2.613193
-0.998101 0.049729 -0.036346 -87.414585 0.046884 0.996057 0.075317 -121.101006 0.039948 0.073470 -0.996497 2.621219
-0.996723 -0.058310 -0.056060 -86.729937 -0.063980 0.992377 0.105332 -121.276288 0.049490 0.108573 -0.992856 2.626354
-0.998751 0.033875 0.036741 -86.137566 0.036890 0.995719 0.084746 -121.380101 -0.033713 0.085996 -0.995725 2.632435
-0.999127 0.006965 0.041197 -85.532363 0.006655 0.999948 -0.007668 -121.586718 -0.041248 -0.007388 -0.999122 2.613879
-0.999686 0.021848 -0.012254 -84.952151 0.021382 0.999089 0.036934 -121.782501 0.013050 0.036661 -0.999243 2.604839
